%YAML:1.0
T_C_L: !!opencv-matrix
  rows: 3
  cols: 4
  dt: d
  data: [ -3.19989760e-05, -9.99968001e-01, -7.99974401e-03, 0.051,-7.99974401e-03,  7.99974401e-03, -9.99936002e-01, -0.054,9.99968001e-01,  3.19989760e-05, -7.99974401e-03, -2.921968648686e-01 ]
K: !!opencv-matrix
  rows: 4
  cols: 1
  dt: d
  data: [ 960.1149, 954.8911, 694.7923, 240.3547]
